aaaaaa
22222

33333
444444

AAAAAAAA
22222

33333
444444

aaaaaa
22222

33333
444444

aAAAAAAaaaaa
22222

33333
444444aaaaaa
22222

33333
444444

aaaaaa
22222

33333
444444aaaaaa
22222

33333
444444

aaaaaa
22222

33333
444444aaaaaa
22222

33333
444444

aaaaaa
22222

33333
444444aaaaaa
22222

33333
444444

aaaaaa
22222

33333
444444aaaaaa
22222

33333
444444

aaaaaa
22222

33333
444444aaaaaa
22222

33333
444444

aaaaaa
22222

33333
444444aaaaaa
22222

33333
444444

aaaaaa
22222

33333
444444aaaaaa
22222

33333
444444

aaaaaa
22222

33333
444444aaaaaa
22222

33333
444444

aaaaaa
22222

33333
444444aaaaaa
22222

33333
444444

aaaaaa
22222

33333
444444aaaaaa
22222

33333
444444

aaaaaa
22222

33333
444444aaaaaa
22222

33333
444444

aaaaaa
22222

33333
444444
OKOKOKOKkkk
YYYYYYY